,n,k,p,Original_1,TDA_1,Original_2,TDA_2,Original_3,TDA_3,Original_4,TDA_4
0,661,6,0.34,16.712913740584888,8.081752811662716,56.439356620817776,21.979625072246264,115.11304383507093,15.045948788208072,189.41687668678279,13.842063900017884
1,344,8,0.47,38.662209214785534,11.141041908826319,115.6344852380082,6.869963496024205,225.63309286839123,6.265268822756695,350.9761789421009,8.231014574067432
2,385,5,0.68,23.478334974488874,10.58923251549677,74.34438202628225,13.636668880912033,140.57691772957585,10.683102870719852,217.85678318316758,13.851801402711644
3,564,6,0.67,22.216603578155503,13.219722039713966,69.93306862472768,15.52632954463344,143.44041031096114,11.905045836466513,230.23651448775917,12.272002867722449
4,837,6,0.41,15.068730484752734,8.032634318586924,48.527894939561016,15.611210741553599,102.28608782257452,8.620705876584907,176.27030886036252,10.396945268000321
5,296,5,0.23,16.094982411797734,16.374346319677468,52.02108314619113,19.149751269731457,97.92222583918134,21.21218872310898,155.52866995241757,19.6079395478854
6,524,7,0.49,22.11389449615671,16.886704281897444,66.97931758260579,16.27655075589259,135.33442599947952,18.193749852988933,217.85223921303395,12.131860868646957
7,926,5,0.47,10.0457396015037,5.821894827162434,36.19204056961267,7.621512747388592,70.02877248433289,5.590495366953089,116.88941867216204,6.188962007060405
8,807,8,0.33,24.185942089025744,10.154805925273795,73.68103051334023,15.729118702722403,155.38014016906132,13.92884003533464,275.1366811628335,8.313752939610689
9,554,8,0.44,25.214124118967668,4.812298167034018,82.79174999548306,8.318982350810609,166.7665261112688,12.611796768312468,278.2030572876312,6.76280251808684
10,182,5,0.29,28.060235584614215,12.786848604546673,78.40303857136426,3.6369422444980124,139.8603948357693,11.699424983235074,214.09002980285817,10.619364524628402
11,505,7,0.45,21.507181583761984,14.756352058476693,68.7027760899894,10.111587909826378,136.96471211279422,19.817128718062992,221.31800069140277,20.842586018507024
12,909,8,0.61,17.82746233031376,10.716898137507597,60.460012295295336,13.79804657485075,127.54182965337851,10.635367011374038,215.7753285675987,11.026822402959924
13,220,5,0.74,36.907209837044554,19.628611706672782,110.13006605189604,8.065990556822452,191.4924933461215,11.321102982163607,278.27390860152275,15.965449808884765
14,599,7,0.29,18.578868691551502,11.98665823564018,55.650028105228465,21.19734827986996,117.06805048587891,11.243611814791292,199.72614808884964,16.545139182041943
15,885,7,0.42,14.725192012593308,8.387602656748832,51.065420198423084,10.252862499378727,102.58292446538377,9.420339572327977,173.87951288142693,8.20295888706825
16,157,8,0.65,74.51296898505703,3.015135693570567,212.11295080315747,3.514885354355253,362.1126484895515,3.5457994858156687,510.2634054196509,4.8606977684564665
17,624,8,0.46,24.045763140367818,10.697211307334177,78.6130389190385,11.81166400253921,158.41756085223335,7.437349372098957,265.4021797409453,6.516656223526468
18,533,8,0.65,31.11159716590166,10.881431082078254,97.22161476212499,11.937910148127493,190.9556959374229,10.149617108189306,310.2798220910354,12.864132156096096
19,894,7,0.31,15.561666023539587,4.238042510902745,50.764713636813475,13.06496384222983,108.06250203429124,8.12218560625432,186.2080928810114,10.965140669927543
20,448,8,0.67,34.13381006041676,10.287582975835006,108.71125571475591,9.343827386244165,212.75782854388353,15.327845296528189,336.91119103159286,10.207186362895255
21,795,5,0.44,12.045737189788943,4.486937826701764,37.94415852717423,6.417355654980353,73.46520913506083,5.203426944523291,122.4374459366613,9.45140688450063
22,485,7,0.37,21.50332033214586,14.768248072082002,67.63825756555806,11.765204987821848,134.18815678243843,16.095425375182774,218.79358418662576,16.181976074801714
23,597,6,0.25,19.53213717994212,27.739484413863096,58.85702323772281,9.003485452258953,122.22365927707507,11.429642149818141,211.89797250310377,16.334468300981293
24,209,6,0.45,43.317396956051624,4.968639160557489,124.64640813239203,8.89629746829291,231.52176517920466,11.742614737874883,342.9682553459189,12.903112608751863
25,622,8,0.59,28.32348233129083,13.898488690100457,85.70725490045324,17.760793209541504,176.55633400432475,10.623182996447786,285.44529248843696,17.747900477507205
26,240,5,0.4,27.89669982868881,10.138697564279559,80.68350564833759,18.700952366823294,144.01961369058856,18.841834100805183,217.07628760490286,13.965115212779946
27,222,6,0.53,43.45399885315511,3.372973674925234,129.69580642499002,13.124486738231074,239.66397472031358,10.162333908904673,357.4278800249151,11.347865180798179
28,888,7,0.63,15.845903059315116,14.063484187098279,51.263496345792774,8.233162147980051,105.04564558897904,4.671192421933552,171.25990729815135,6.777816359035182
29,760,6,0.58,18.399113384965506,8.137688850171864,60.984708252644985,10.6245499147736,123.59981733192456,7.7766796697072555,201.5781684599109,10.489453494167456
